Accuracy
0.8310502283105022
0.8264840182648402
0.8447488584474886
0.8310502283105022
0.8310502283105022
0.8356164383561644
0.8082191780821918
0.8264840182648402
0.8127853881278538
0.8401826484018264
0.863013698630137
0.8538812785388128
0.8356164383561644
0.8356164383561644
0.8356164383561644
0.8538812785388128
0.863013698630137
0.8447488584474886
0.8584474885844748
0.8082191780821918
0.8127853881278538
0.8447488584474886
0.8310502283105022
0.7990867579908676
0.867579908675799
0.8264840182648402
0.8356164383561644
0.771689497716895
0.8447488584474886
0.8447488584474886
0.817351598173516
0.7899543378995434
0.7853881278538812
0.8356164383561644
0.8310502283105022
0.821917808219178
0.8401826484018264
0.7808219178082192
0.8356164383561644
0.7853881278538812
0.8127853881278538
0.8082191780821918
0.8493150684931506
0.863013698630137
0.8356164383561644
0.8493150684931506
0.8538812785388128
0.8127853881278538
0.8082191780821918
0.7990867579908676
0.8447488584474886
0.8264840182648402
0.7990867579908676
0.8493150684931506
0.7899543378995434
0.8401826484018264
0.8310502283105022
0.8447488584474886
0.8447488584474886
0.8310502283105022
0.8310502283105022
0.8310502283105022
0.8082191780821918
0.8584474885844748
0.8356164383561644
0.8767123287671232
0.8584474885844748
0.8036529680365296
0.863013698630137
0.8447488584474886
0.8447488584474886
0.863013698630137
0.8127853881278538
0.8401826484018264
0.8082191780821918
0.8310502283105022
0.7945205479452054
0.8447488584474886
0.8264840182648402
0.8127853881278538
0.8310502283105022
0.863013698630137
0.821917808219178
0.8356164383561644
0.817351598173516
0.8036529680365296
0.8264840182648402
0.8493150684931506
0.8721461187214612
0.8538812785388128
0.8127853881278538
0.863013698630137
0.8036529680365296
0.8401826484018264
0.8538812785388128
0.867579908675799
0.8127853881278538
0.8310502283105022
0.8264840182648402
0.8310502283105022
0.8356164383561644
0.8036529680365296
0.8538812785388128
0.8447488584474886
0.863013698630137
0.8036529680365296
0.8310502283105022
0.8356164383561644
0.8858447488584474
0.8401826484018264
0.821917808219178
0.8310502283105022
0.863013698630137
0.821917808219178
0.8082191780821918
0.8584474885844748
0.8721461187214612
0.8310502283105022
0.8082191780821918
0.8538812785388128
0.8721461187214612
0.8082191780821918
0.817351598173516
0.8584474885844748
0.8721461187214612
0.8082191780821918
0.8401826484018264
0.8356164383561644
0.8264840182648402
0.8356164383561644
0.771689497716895
0.821917808219178
0.817351598173516
0.8264840182648402
0.8264840182648402
0.7990867579908676
0.821917808219178
0.8264840182648402
0.8036529680365296
0.8493150684931506
0.8493150684931506
0.8401826484018264
0.8584474885844748
0.8310502283105022
0.8036529680365296
0.821917808219178
0.8721461187214612
0.821917808219178
0.8401826484018264
0.8082191780821918
0.8356164383561644
0.8310502283105022
0.8356164383561644
0.821917808219178
0.8493150684931506
0.863013698630137
0.817351598173516
0.8127853881278538
0.817351598173516
0.8584474885844748
0.8356164383561644
0.8310502283105022
0.8356164383561644
0.821917808219178
0.8401826484018264
0.8310502283105022
0.8493150684931506
0.8264840182648402
0.8447488584474886
0.8493150684931506
0.8310502283105022
0.821917808219178
0.821917808219178
0.8127853881278538
0.817351598173516
0.7990867579908676
0.8401826484018264
0.8493150684931506
0.8401826484018264
0.8447488584474886
0.8356164383561644
0.8401826484018264
0.8493150684931506
0.867579908675799
0.8401826484018264
0.8264840182648402
0.8401826484018264
0.8447488584474886
0.821917808219178
0.8401826484018264
0.8493150684931506
0.817351598173516
0.867579908675799
0.863013698630137
0.8264840182648402
0.817351598173516
0.8401826484018264
0.817351598173516
0.817351598173516
0.867579908675799
0.8401826484018264
0.8356164383561644
0.863013698630137
0.8082191780821918
0.8538812785388128
0.8812785388127854
0.8127853881278538
0.8493150684931506
0.8356164383561644
0.8356164383561644
0.8538812785388128
0.8356164383561644
0.821917808219178
0.8082191780821918
0.8356164383561644
0.8584474885844748
0.8538812785388128
0.8310502283105022
0.8493150684931506
0.8310502283105022
0.863013698630137
0.8538812785388128
0.8127853881278538
0.8356164383561644
0.8447488584474886
0.8356164383561644
0.863013698630137
0.8310502283105022
0.8310502283105022
0.8356164383561644
0.8127853881278538
0.8401826484018264
0.8310502283105022
0.8493150684931506
0.8812785388127854
0.8447488584474886
0.8538812785388128
0.8401826484018264
0.8310502283105022
0.8082191780821918
0.8356164383561644
0.8127853881278538
0.7990867579908676
0.821917808219178
0.8310502283105022
0.821917808219178
0.8082191780821918
0.821917808219178
0.8356164383561644
0.8127853881278538
0.8493150684931506
0.8264840182648402
0.7899543378995434
0.8310502283105022
0.8584474885844748
0.8127853881278538
0.8401826484018264
0.8721461187214612
0.821917808219178
0.8264840182648402
0.8401826484018264
0.7853881278538812
0.821917808219178
0.8310502283105022
0.817351598173516
0.8447488584474886
0.8493150684931506
0.8082191780821918
0.8812785388127854
0.8584474885844748
0.8767123287671232
0.8401826484018264
0.8447488584474886
0.8127853881278538
0.821917808219178
0.8447488584474886
0.8493150684931506
0.8356164383561644
0.8447488584474886
0.8127853881278538
0.8401826484018264
0.8401826484018264
0.8401826484018264
0.8447488584474886
0.8264840182648402
0.8310502283105022
0.8493150684931506
0.7853881278538812
0.821917808219178
0.8264840182648402
0.8584474885844748
0.8264840182648402
0.8036529680365296
0.8538812785388128
0.8812785388127854
0.7990867579908676
0.8310502283105022
0.821917808219178
0.8447488584474886
0.8264840182648402
0.8264840182648402
0.8264840182648402
0.867579908675799
0.867579908675799
0.8538812785388128
0.8082191780821918
0.821917808219178
0.8082191780821918
0.8584474885844748
0.8401826484018264
0.8584474885844748
0.821917808219178
0.8356164383561644
0.8401826484018264
0.8356164383561644
0.8127853881278538
0.8447488584474886
0.8584474885844748
0.8082191780821918
0.8401826484018264
0.8584474885844748
0.8401826484018264
0.7808219178082192
0.8356164383561644
0.8493150684931506
0.8264840182648402
0.8264840182648402
0.867579908675799
0.8356164383561644
0.8264840182648402
0.821917808219178
0.817351598173516
0.8493150684931506
0.8401826484018264
0.7990867579908676
0.821917808219178
0.8036529680365296
0.8127853881278538
0.8036529680365296
0.8127853881278538
0.8447488584474886
0.8264840182648402
0.8447488584474886
0.8538812785388128
0.8356164383561644
0.8584474885844748
0.8401826484018264
0.817351598173516
0.8127853881278538
0.8356164383561644
0.817351598173516
0.7945205479452054
0.8401826484018264
0.8036529680365296
0.8493150684931506
0.8310502283105022
0.821917808219178
0.8082191780821918
0.8082191780821918
0.863013698630137
0.817351598173516
0.8584474885844748
0.8356164383561644
0.821917808219178
0.821917808219178
0.8310502283105022
0.8493150684931506
0.8310502283105022
0.8127853881278538
0.8356164383561644
0.8264840182648402
0.8310502283105022
0.817351598173516
0.867579908675799
0.8401826484018264
0.8036529680365296
0.8036529680365296
0.8401826484018264
0.8447488584474886
0.8264840182648402
0.8356164383561644
0.8493150684931506
0.8493150684931506
0.8767123287671232
0.8310502283105022
0.8356164383561644
0.8264840182648402
0.8264840182648402
0.8721461187214612
0.8082191780821918
0.8584474885844748
0.8036529680365296
0.8584474885844748
0.8493150684931506
0.821917808219178
0.821917808219178
0.8401826484018264
0.8310502283105022
0.8493150684931506
0.8310502283105022
0.8264840182648402
0.8310502283105022
0.7945205479452054
0.8127853881278538
0.8082191780821918
0.8493150684931506
0.8493150684931506
0.8493150684931506
0.8493150684931506
0.821917808219178
0.8127853881278538
0.817351598173516
0.817351598173516
0.863013698630137
0.817351598173516
0.821917808219178
0.8538812785388128
0.8310502283105022
0.8447488584474886
0.8127853881278538
0.7899543378995434
0.8447488584474886
0.8493150684931506
0.821917808219178
0.8493150684931506
0.8584474885844748
0.8264840182648402
0.8401826484018264
0.821917808219178
0.8447488584474886
0.817351598173516
0.8264840182648402
0.7990867579908676
0.8401826484018264
0.8493150684931506
0.8356164383561644
0.8356164383561644
0.863013698630137
0.8356164383561644
0.863013698630137
0.8036529680365296
0.8538812785388128
0.8356164383561644
0.821917808219178
0.8310502283105022
0.8310502283105022
0.8264840182648402
0.8401826484018264
0.8584474885844748
0.8538812785388128
0.8082191780821918
0.8036529680365296
0.8721461187214612
0.8310502283105022
0.817351598173516
0.7853881278538812
0.8493150684931506
0.7899543378995434
0.821917808219178
0.8082191780821918
0.8584474885844748
0.821917808219178
0.8264840182648402
0.8264840182648402
0.8310502283105022
0.8538812785388128
0.817351598173516
0.8264840182648402
0.817351598173516
0.8264840182648402
0.8127853881278538
0.821917808219178
0.7990867579908676
0.821917808219178
0.8264840182648402
0.821917808219178
0.8584474885844748
0.8584474885844748
0.8356164383561644
0.8584474885844748
0.8264840182648402
0.821917808219178
0.7899543378995434
0.8493150684931506
0.8264840182648402
0.8310502283105022
0.8082191780821918
0.8310502283105022
0.8127853881278538
0.7945205479452054
0.8401826484018264
0.821917808219178
0.8538812785388128
0.817351598173516
0.8310502283105022
0.7945205479452054
0.8493150684931506
0.8401826484018264
0.8767123287671232
0.8036529680365296
