Accuracy
0.8333333333333334
0.8676470588235294
0.8284313725490197
0.8382352941176471
0.8235294117647058
0.803921568627451
0.8382352941176471
0.8137254901960784
0.7843137254901961
0.8284313725490197
0.8578431372549019
0.7990196078431373
0.8676470588235294
0.8235294117647058
0.8333333333333334
0.8186274509803921
0.8235294117647058
0.8088235294117647
0.8529411764705882
0.8333333333333334
0.8088235294117647
0.8333333333333334
0.8137254901960784
0.8578431372549019
0.8480392156862745
0.8186274509803921
0.8431372549019608
0.8186274509803921
0.8578431372549019
0.8235294117647058
0.8480392156862745
0.8186274509803921
0.8186274509803921
0.8137254901960784
0.8186274509803921
0.8186274509803921
0.803921568627451
0.8235294117647058
0.8333333333333334
0.8529411764705882
0.7990196078431373
0.7990196078431373
0.8431372549019608
0.8284313725490197
0.8480392156862745
0.8137254901960784
0.8480392156862745
0.8186274509803921
0.8333333333333334
0.8088235294117647
0.8431372549019608
0.8137254901960784
0.803921568627451
0.7990196078431373
0.8186274509803921
0.7745098039215687
0.8235294117647058
0.7990196078431373
0.8382352941176471
0.8529411764705882
0.8725490196078431
0.8431372549019608
0.8284313725490197
0.8529411764705882
0.8235294117647058
0.8333333333333334
0.8431372549019608
0.803921568627451
0.8235294117647058
0.8480392156862745
0.8186274509803921
0.8186274509803921
0.8186274509803921
0.8186274509803921
0.8284313725490197
0.8186274509803921
0.8480392156862745
0.7941176470588235
0.7990196078431373
0.8186274509803921
0.8333333333333334
0.8382352941176471
0.8235294117647058
0.8431372549019608
0.8529411764705882
0.8186274509803921
0.8431372549019608
0.8137254901960784
0.8578431372549019
0.8186274509803921
0.8186274509803921
0.8137254901960784
0.8333333333333334
0.8284313725490197
0.8382352941176471
0.7892156862745098
0.8284313725490197
0.8235294117647058
0.8235294117647058
0.8480392156862745
0.8431372549019608
0.8284313725490197
0.7696078431372549
0.7941176470588235
0.8480392156862745
0.7892156862745098
0.8235294117647058
0.8088235294117647
0.8333333333333334
0.8480392156862745
0.8284313725490197
0.8284313725490197
0.7892156862745098
0.8235294117647058
0.8088235294117647
0.803921568627451
0.8088235294117647
0.803921568627451
0.8529411764705882
0.8431372549019608
0.8480392156862745
0.8529411764705882
0.8088235294117647
0.8088235294117647
0.8137254901960784
0.8088235294117647
0.7892156862745098
0.8137254901960784
0.8186274509803921
0.8431372549019608
0.803921568627451
0.8431372549019608
0.8382352941176471
0.8431372549019608
0.7990196078431373
0.8235294117647058
0.8235294117647058
0.8235294117647058
0.8088235294117647
0.8088235294117647
0.8137254901960784
0.8627450980392157
0.8284313725490197
0.8088235294117647
0.8137254901960784
0.8235294117647058
0.8186274509803921
0.8137254901960784
0.8137254901960784
0.8578431372549019
0.8137254901960784
0.8529411764705882
0.7941176470588235
0.8333333333333334
0.8431372549019608
0.8284313725490197
0.8431372549019608
0.7990196078431373
0.8235294117647058
0.8284313725490197
0.7843137254901961
0.8725490196078431
0.8284313725490197
0.7990196078431373
0.8431372549019608
0.8235294117647058
0.8186274509803921
0.8235294117647058
0.8137254901960784
0.7990196078431373
0.8235294117647058
0.8137254901960784
0.8480392156862745
0.8235294117647058
0.8382352941176471
0.8480392156862745
0.8284313725490197
0.8578431372549019
0.7745098039215687
0.7990196078431373
0.7941176470588235
0.8431372549019608
0.803921568627451
0.7892156862745098
0.8382352941176471
0.8137254901960784
0.8333333333333334
0.7990196078431373
0.8137254901960784
0.8333333333333334
0.8333333333333334
0.8284313725490197
0.8284313725490197
0.8431372549019608
0.8333333333333334
0.8284313725490197
0.8186274509803921
0.8333333333333334
0.8382352941176471
0.8235294117647058
0.8578431372549019
0.8186274509803921
0.8627450980392157
0.8627450980392157
0.8333333333333334
0.8137254901960784
0.7990196078431373
0.8186274509803921
0.7794117647058824
0.8137254901960784
0.8088235294117647
0.7941176470588235
0.8333333333333334
0.803921568627451
0.8186274509803921
0.8284313725490197
0.8235294117647058
0.8333333333333334
0.8431372549019608
0.8137254901960784
0.8235294117647058
0.8382352941176471
0.8284313725490197
0.8333333333333334
0.8284313725490197
0.8431372549019608
0.8284313725490197
0.8186274509803921
0.8382352941176471
0.8088235294117647
0.8137254901960784
0.8088235294117647
0.8088235294117647
0.8431372549019608
0.8382352941176471
0.8578431372549019
0.8186274509803921
0.8529411764705882
0.7990196078431373
0.8627450980392157
0.8284313725490197
0.8284313725490197
0.8088235294117647
0.7990196078431373
0.8186274509803921
0.8186274509803921
0.803921568627451
0.8186274509803921
0.8235294117647058
0.8088235294117647
0.8480392156862745
0.803921568627451
0.8480392156862745
0.8235294117647058
0.7843137254901961
0.8137254901960784
0.8235294117647058
0.8137254901960784
0.8480392156862745
0.7892156862745098
0.8186274509803921
0.8333333333333334
0.8333333333333334
0.8088235294117647
0.8333333333333334
0.8529411764705882
0.8333333333333334
0.8333333333333334
0.8284313725490197
0.8137254901960784
0.8186274509803921
0.803921568627451
0.8284313725490197
0.8333333333333334
0.8529411764705882
0.8431372549019608
0.8431372549019608
0.8186274509803921
0.8431372549019608
0.8186274509803921
0.8137254901960784
0.8186274509803921
0.8137254901960784
0.7990196078431373
0.8284313725490197
0.803921568627451
0.8235294117647058
0.7794117647058824
0.8186274509803921
0.8578431372549019
0.8333333333333334
0.8284313725490197
0.8235294117647058
0.8137254901960784
0.8235294117647058
0.8676470588235294
0.8137254901960784
0.8333333333333334
0.8725490196078431
0.8480392156862745
0.8333333333333334
0.8137254901960784
0.803921568627451
0.8382352941176471
0.8627450980392157
0.8529411764705882
0.8431372549019608
0.8725490196078431
0.8480392156862745
0.8088235294117647
0.8333333333333334
0.8627450980392157
0.7990196078431373
0.803921568627451
0.8137254901960784
0.8382352941176471
0.8872549019607843
0.7941176470588235
0.8235294117647058
0.8235294117647058
0.7794117647058824
0.8137254901960784
0.8284313725490197
0.8529411764705882
0.8431372549019608
0.8284313725490197
0.8235294117647058
0.8186274509803921
0.8137254901960784
0.8284313725490197
0.8137254901960784
0.8480392156862745
0.8235294117647058
0.7990196078431373
0.8382352941176471
0.8284313725490197
0.8382352941176471
0.8137254901960784
0.8480392156862745
0.8137254901960784
0.803921568627451
0.8137254901960784
0.8235294117647058
0.8186274509803921
0.8382352941176471
0.8382352941176471
0.8333333333333334
0.8137254901960784
0.8382352941176471
0.8333333333333334
0.8333333333333334
0.803921568627451
0.8137254901960784
0.8774509803921569
0.8235294117647058
0.7941176470588235
0.8235294117647058
0.803921568627451
0.8235294117647058
0.8235294117647058
0.803921568627451
0.8480392156862745
0.8088235294117647
0.7794117647058824
0.8137254901960784
0.8333333333333334
0.8529411764705882
0.8529411764705882
0.8431372549019608
0.8382352941176471
0.8529411764705882
0.8235294117647058
0.8382352941176471
0.8480392156862745
0.8382352941176471
0.8480392156862745
0.8137254901960784
0.8137254901960784
0.8284313725490197
0.8186274509803921
0.8333333333333334
0.8137254901960784
0.8137254901960784
0.7843137254901961
0.8431372549019608
0.8235294117647058
0.8480392156862745
0.8284313725490197
0.8137254901960784
0.8088235294117647
0.7843137254901961
0.8627450980392157
0.8235294117647058
0.8186274509803921
0.8137254901960784
0.8235294117647058
0.8774509803921569
0.8284313725490197
0.8284313725490197
0.8431372549019608
0.8088235294117647
0.8137254901960784
0.803921568627451
0.8284313725490197
0.8186274509803921
0.8676470588235294
0.803921568627451
0.803921568627451
0.8235294117647058
0.8431372549019608
0.803921568627451
0.8529411764705882
0.8578431372549019
0.8137254901960784
0.8431372549019608
0.8431372549019608
0.8235294117647058
0.8284313725490197
0.8431372549019608
0.8480392156862745
0.8333333333333334
0.8235294117647058
0.8186274509803921
0.8137254901960784
0.8137254901960784
0.8676470588235294
0.8235294117647058
0.8431372549019608
0.8186274509803921
0.8333333333333334
0.8186274509803921
0.8186274509803921
0.803921568627451
0.7941176470588235
0.8333333333333334
0.8137254901960784
0.7990196078431373
0.8333333333333334
0.8333333333333334
0.803921568627451
0.8529411764705882
0.8235294117647058
0.8529411764705882
0.8382352941176471
0.8725490196078431
0.8382352941176471
0.8333333333333334
0.8382352941176471
0.8284313725490197
0.803921568627451
0.7990196078431373
0.8284313725490197
0.8088235294117647
0.8137254901960784
0.8529411764705882
0.7990196078431373
0.8382352941176471
0.7892156862745098
0.8284313725490197
0.7843137254901961
0.8480392156862745
0.8480392156862745
0.8333333333333334
0.7990196078431373
0.8480392156862745
0.8284313725490197
0.8235294117647058
0.8284313725490197
0.8480392156862745
0.8382352941176471
0.8137254901960784
0.7990196078431373
0.8137254901960784
0.8235294117647058
0.8382352941176471
0.8088235294117647
0.7794117647058824
0.8186274509803921
0.8333333333333334
0.8725490196078431
0.8088235294117647
0.8284313725490197
0.8088235294117647
0.8333333333333334
0.7843137254901961
0.8382352941176471
0.8284313725490197
0.8235294117647058
0.803921568627451
0.803921568627451
0.8480392156862745
0.8235294117647058
0.8431372549019608
0.8333333333333334
0.7794117647058824
0.8284313725490197
0.8382352941176471
0.8088235294117647
0.8186274509803921
0.8284313725490197
