Accuracy
0.8201058201058201
0.8359788359788359
0.8783068783068783
0.8095238095238095
0.8624338624338624
0.8359788359788359
0.8412698412698413
0.8253968253968254
0.8571428571428571
0.8624338624338624
0.873015873015873
0.8359788359788359
0.8624338624338624
0.8412698412698413
0.8253968253968254
0.8994708994708994
0.8253968253968254
0.8412698412698413
0.8148148148148148
0.873015873015873
0.8888888888888888
0.8253968253968254
0.8201058201058201
0.8359788359788359
0.8518518518518519
0.873015873015873
0.8518518518518519
0.8624338624338624
0.8571428571428571
0.873015873015873
0.8253968253968254
0.8465608465608465
0.8518518518518519
0.8306878306878307
0.8518518518518519
0.8624338624338624
0.8571428571428571
0.8253968253968254
0.8518518518518519
0.8624338624338624
0.873015873015873
0.8042328042328042
0.8201058201058201
0.8624338624338624
0.8465608465608465
0.8412698412698413
0.8518518518518519
0.8042328042328042
0.8359788359788359
0.8518518518518519
0.8624338624338624
0.8941798941798942
0.8412698412698413
0.8306878306878307
0.8412698412698413
0.8253968253968254
0.8571428571428571
0.8201058201058201
0.8306878306878307
0.8783068783068783
0.8306878306878307
0.8465608465608465
0.8148148148148148
0.8677248677248677
0.8835978835978836
0.8359788359788359
0.8359788359788359
0.798941798941799
0.8571428571428571
0.873015873015873
0.8465608465608465
0.798941798941799
0.8571428571428571
0.8518518518518519
0.7936507936507936
0.8677248677248677
0.8306878306878307
0.8677248677248677
0.8677248677248677
0.8412698412698413
0.8095238095238095
0.8465608465608465
0.8359788359788359
0.8783068783068783
0.8201058201058201
0.8783068783068783
0.8624338624338624
0.8306878306878307
0.8465608465608465
0.8571428571428571
0.8253968253968254
0.8201058201058201
0.8201058201058201
0.8518518518518519
0.8624338624338624
0.8359788359788359
0.8624338624338624
0.873015873015873
0.873015873015873
0.8412698412698413
0.8095238095238095
0.873015873015873
0.8835978835978836
0.8306878306878307
0.8571428571428571
0.8941798941798942
0.8306878306878307
0.8306878306878307
0.8359788359788359
0.8042328042328042
0.8412698412698413
0.8677248677248677
0.8201058201058201
0.8624338624338624
0.8306878306878307
0.8359788359788359
0.8359788359788359
0.8359788359788359
0.8042328042328042
0.8412698412698413
0.8518518518518519
0.8412698412698413
0.8465608465608465
0.8571428571428571
0.798941798941799
0.798941798941799
0.8412698412698413
0.8412698412698413
0.8677248677248677
0.8253968253968254
0.8518518518518519
0.8359788359788359
0.8306878306878307
0.8624338624338624
0.8624338624338624
0.8783068783068783
0.8465608465608465
0.873015873015873
0.8306878306878307
0.873015873015873
0.8359788359788359
0.8465608465608465
0.8148148148148148
0.8624338624338624
0.8306878306878307
0.8571428571428571
0.8412698412698413
0.7936507936507936
0.8148148148148148
0.8359788359788359
0.8624338624338624
0.8465608465608465
0.8571428571428571
0.8518518518518519
0.8148148148148148
0.8095238095238095
0.798941798941799
0.8518518518518519
0.8412698412698413
0.8518518518518519
0.8571428571428571
0.8306878306878307
0.8518518518518519
0.8888888888888888
0.8783068783068783
0.8677248677248677
0.8412698412698413
0.8095238095238095
0.8835978835978836
0.8359788359788359
0.8677248677248677
0.8306878306878307
0.8253968253968254
0.8148148148148148
0.8888888888888888
0.8465608465608465
0.8412698412698413
0.8518518518518519
0.8465608465608465
0.8571428571428571
0.8465608465608465
0.8518518518518519
0.8465608465608465
0.873015873015873
0.8201058201058201
0.8359788359788359
0.8201058201058201
0.8888888888888888
0.8465608465608465
0.8518518518518519
0.7936507936507936
0.8465608465608465
0.8465608465608465
0.8465608465608465
0.8359788359788359
0.8253968253968254
0.8359788359788359
0.8148148148148148
0.8306878306878307
0.8201058201058201
0.8571428571428571
0.8571428571428571
0.8148148148148148
0.8359788359788359
0.8465608465608465
0.8412698412698413
0.8201058201058201
0.8624338624338624
0.8835978835978836
0.7936507936507936
0.8465608465608465
0.8783068783068783
0.8571428571428571
0.8465608465608465
0.8518518518518519
0.8624338624338624
0.8571428571428571
0.8253968253968254
0.8148148148148148
0.8783068783068783
0.8465608465608465
0.8306878306878307
0.8571428571428571
0.8148148148148148
0.8412698412698413
0.8465608465608465
0.8306878306878307
0.8412698412698413
0.8148148148148148
0.8306878306878307
0.8465608465608465
0.8465608465608465
0.7936507936507936
0.8359788359788359
0.8412698412698413
0.8465608465608465
0.8677248677248677
0.8835978835978836
0.8571428571428571
0.8677248677248677
0.8465608465608465
0.7936507936507936
0.8465608465608465
0.8201058201058201
0.8465608465608465
0.8518518518518519
0.8677248677248677
0.8412698412698413
0.873015873015873
0.8148148148148148
0.8571428571428571
0.8624338624338624
0.8465608465608465
0.798941798941799
0.873015873015873
0.8835978835978836
0.8571428571428571
0.8518518518518519
0.8518518518518519
0.8465608465608465
0.8888888888888888
0.8253968253968254
0.8306878306878307
0.8465608465608465
0.8518518518518519
0.8465608465608465
0.7936507936507936
0.8306878306878307
0.8888888888888888
0.8148148148148148
0.8201058201058201
0.8359788359788359
0.8306878306878307
0.8624338624338624
0.8412698412698413
0.8835978835978836
0.8518518518518519
0.8359788359788359
0.8148148148148148
0.8412698412698413
0.8571428571428571
0.8201058201058201
0.8253968253968254
0.8359788359788359
0.798941798941799
0.8253968253968254
0.8518518518518519
0.8412698412698413
0.8783068783068783
0.8148148148148148
0.8148148148148148
0.8571428571428571
0.8624338624338624
0.873015873015873
0.8465608465608465
0.8095238095238095
0.798941798941799
0.8306878306878307
0.8518518518518519
0.7936507936507936
0.8201058201058201
0.8359788359788359
0.8571428571428571
0.8412698412698413
0.8624338624338624
0.8359788359788359
0.8201058201058201
0.873015873015873
0.8783068783068783
0.8253968253968254
0.8148148148148148
0.8783068783068783
0.8306878306878307
0.8201058201058201
0.8095238095238095
0.798941798941799
0.8571428571428571
0.8253968253968254
0.8201058201058201
0.8624338624338624
0.8518518518518519
0.8306878306878307
0.8994708994708994
0.8306878306878307
0.8571428571428571
0.8624338624338624
0.8412698412698413
0.8253968253968254
0.8677248677248677
0.8253968253968254
0.8518518518518519
0.8888888888888888
0.8677248677248677
0.8412698412698413
0.8518518518518519
0.8253968253968254
0.8465608465608465
0.8306878306878307
0.8359788359788359
0.8412698412698413
0.7936507936507936
0.8253968253968254
0.8201058201058201
0.8306878306878307
0.7883597883597884
0.8783068783068783
0.8201058201058201
0.8306878306878307
0.8783068783068783
0.8518518518518519
0.8306878306878307
0.873015873015873
0.8253968253968254
0.8518518518518519
0.8201058201058201
0.8095238095238095
0.8359788359788359
0.8783068783068783
0.8306878306878307
0.8571428571428571
0.8518518518518519
0.8465608465608465
0.8359788359788359
0.8412698412698413
0.8306878306878307
0.8359788359788359
0.8412698412698413
0.8359788359788359
0.873015873015873
0.8148148148148148
0.8412698412698413
0.8095238095238095
0.8465608465608465
0.8306878306878307
0.8624338624338624
0.8518518518518519
0.8201058201058201
0.8412698412698413
0.8412698412698413
0.8148148148148148
0.8148148148148148
0.8201058201058201
0.8783068783068783
0.8253968253968254
0.8571428571428571
0.8465608465608465
0.8465608465608465
0.7936507936507936
0.8412698412698413
0.8571428571428571
0.8465608465608465
0.8465608465608465
0.8148148148148148
0.8465608465608465
0.8306878306878307
0.8571428571428571
0.873015873015873
0.8465608465608465
0.8359788359788359
0.8201058201058201
0.8624338624338624
0.8095238095238095
0.8465608465608465
0.8412698412698413
0.8359788359788359
0.8359788359788359
0.8677248677248677
0.8677248677248677
0.8306878306878307
0.8465608465608465
0.8359788359788359
0.8571428571428571
0.8306878306878307
0.8412698412698413
0.8465608465608465
0.8518518518518519
0.8624338624338624
0.8201058201058201
0.8624338624338624
0.8835978835978836
0.8835978835978836
0.8042328042328042
0.8359788359788359
0.8412698412698413
0.8359788359788359
0.8042328042328042
0.8253968253968254
0.8624338624338624
0.8571428571428571
0.8783068783068783
0.8201058201058201
0.8571428571428571
0.8201058201058201
0.8465608465608465
0.8518518518518519
0.8518518518518519
0.8359788359788359
0.8571428571428571
0.8412698412698413
0.873015873015873
0.8465608465608465
0.8624338624338624
0.8465608465608465
0.8624338624338624
0.8518518518518519
0.8253968253968254
0.8095238095238095
0.8465608465608465
0.8359788359788359
0.8677248677248677
0.8306878306878307
0.8148148148148148
0.8359788359788359
0.8095238095238095
0.8201058201058201
0.8306878306878307
0.8465608465608465
0.8412698412698413
0.8201058201058201
0.8624338624338624
0.8465608465608465
0.8412698412698413
0.8677248677248677
0.8518518518518519
0.8359788359788359
0.8095238095238095
0.8306878306878307
0.8465608465608465
0.8783068783068783
0.8571428571428571
0.8465608465608465
0.8095238095238095
0.8148148148148148
0.8835978835978836
0.8095238095238095
0.8518518518518519
0.8677248677248677
0.8201058201058201
0.8624338624338624
0.8465608465608465
0.8201058201058201
0.8465608465608465
0.8518518518518519
0.8835978835978836
0.8677248677248677
0.8253968253968254
0.8042328042328042
0.8412698412698413
0.8571428571428571
0.8624338624338624
0.8253968253968254
0.8465608465608465
0.8412698412698413
0.8465608465608465
0.8518518518518519
0.8359788359788359
0.8306878306878307
0.8571428571428571
0.8148148148148148
0.8253968253968254
